8.806465578750826
8.30685913037409
8.075138155084911
7.491563600932723
6.768110528310718
6.064646974145039
5.39352462986067
4.791339224763807
4.274564334448225
3.85327544855779
3.515241653363524
3.2538822580066284
3.055901427639446
2.8907246290689597
2.75029737426172
2.629093414000737
2.527434953393204
2.438099836555734
2.3543454958384062
2.286884137469495
2.2200963420252644
2.1661084966733206
2.1146376152463198
2.0610778370752816
2.0192593013303273
1.9831017466471013
1.9467275526132544
1.9148294582306282
1.877551026963906
1.8518786965473735
1.8271801304893025
1.7970679299715484
