8.808793676706511
8.237642153021099
8.023759519766807
7.365796328782493
6.5973939704981674
5.855581896459986
5.1878250794538525
4.564430708670714
4.046627481002149
3.6436427047934004
3.341796667453431
3.099034384346615
2.911371568396437
2.7594734430854726
2.628150087332303
2.515270400946382
2.416455400797087
2.333242448120429
2.254636109389808
2.192826141611331
2.133858227285674
2.0783756780169433
2.02791471418496
1.9879836842776537
1.9440270102278636
1.906008572212299
1.87194679775654
1.840311068884084
1.8099838590037005
1.7805420866016906
1.7599201169895724
1.736474364413721
1.7129430832618044
1.6827700695954686
1.6660012934544801
1.6441743516857004
1.6217706513264027
1.6110416473664244
1.589077715113292
1.5722710154696737
1.5520970578737445
1.5355785720622415
1.5183781908079474
1.5089321391033292
1.4925156256005419
1.4780384693726363
1.4630702132260134
1.4468308740829892
1.4350747868235898
1.4193689700204206
1.4242380977164393
1.3954975932145974
1.3875887008322092
1.3805202696876924
1.3734118431495137
